nrdoms=11211 # number of domains
nrsingletons=473 # number of singleton domains
NT=1036538 # total possible TPs
NF=124638772 # total possible FPs
TPR+FPEPQ	0.0100	0	5.06e-17
TPR+FPEPQ	0.0200	0	3.92e-08
TPR+FPEPQ	0.0300	0.002141	0.000348
TPR+FPEPQ	0.0400	0.1006	0.067
TPR+FPEPQ	0.0500	1.749	1.7
TPR+FPEPQ	0.0578	7.599	10
tpr_at_fpepq0_1=0.0400
tpr_at_fpepq1=0.0477
tpr_at_fpepq10=0.0578
nrtps_to_firstfp=47422
sens_to_firstfp=0.0458
SEPQ0.1=0.0400	SEPQ1=0.0477	SEPQ10=0.0578	S1FP=0.0458	level=fold
