nrdoms=11211 # number of domains
nrsingletons=473 # number of singleton domains
NT=1036538 # total possible TPs
NF=124638772 # total possible FPs
TPR+FPEPQ	0.0100	0	5.92e-17
TPR+FPEPQ	0.0200	0	4.37e-08
TPR+FPEPQ	0.0300	0.002141	0.00038
TPR+FPEPQ	0.0400	0.1047	0.071
TPR+FPEPQ	0.0500	1.821	1.8
TPR+FPEPQ	0.0576	7.55	10
tpr_at_fpepq0_1=0.0398
tpr_at_fpepq1=0.0475
tpr_at_fpepq10=-1.0000
nrtps_to_firstfp=47268
sens_to_firstfp=0.0456
